version https://git-lfs.github.com/spec/v1
oid sha256:aa6972130d7487c1db29a37421af908b99065a2bf21b9500b45dd94d7864713b
size 1082
