version https://git-lfs.github.com/spec/v1
oid sha256:3d6f9fe64467c56657b18e7ce0a77ef7bc49b9812dcc04b09d466b2829e7a184
size 879
